100
400
67
348
264
285
2235
750
775
66
724
884
438
717
416
923
705
167
241
380
466
1945
564
65
10
924
1636
523
625
565
114
1372
912
887
677
554
169
663
404
755
161
1216
732
926
979
486
76
513
781
774
740
391
292
639
556
317
1395
180
564
291
282
1882
694
5
295
62
2143
740
790
165
300
1204
942
502
170
262
1323
259
207
552
434
1747
424
18
412
877
1468
665
315
744
70
1405
618
884
181
595
921
780
442
150
660
1167
608
952
162
333
1144
970
469
902
690
168
745
280
135
835
1204
756
469
952
481
541
633
381
878
41
1266
599
448
592
125
1435
615
558
892
138
996
110
987
729
523
850
924
752
379
25
1119
889
956
830
523
1
244
758
111
325
1761
661
890
706
542
400
131
949
754
149
1216
694
973
55
243
1234
554
497
491
445
1212
750
128
79
973
1269
873
798
472
50
1006
468
444
943
721
623
77
659
480
825
1158
330
841
735
328
965
183
83
619
624
1690
406
914
312
867
700
50
596
929
301
1323
578
444
349
427
1401
198
801
946
951
303
996
140
467
914
682
578
315
750
770
786
736
423
199
593
1248
539
854
687
81
1038
123
648
539
601
1288
243
660
578
252
1466
499
727
902
854
217
218
973
896
708
404
908
424
871
27
969
102
283
414
538
1862
373
496
981
206
1143
226
558
577
921
917
752
661
393
318
1075
804
645
588
181
981
230
282
614
994
1079
603
661
603
657
675
364
684
216
280
1655
778
265
287
590
1279
263
367
787
783
999
786
803
583
372
655
44
419
840
992
904
659
123
516
120
1781
472
155
193
552
1827
56
348
712
104
1979
795
372
812
420
800
192
248
54
244
2461
715
872
123
379
1110
378
620
210
872
1119
501
755
54
974
915
426
618
154
104
1897
925
652
357
218
1047
555
178
385
235
1846
540
939
520
511
689
865
28
662
910
734
216
937
571
967
508
849
323
133
168
1726
299
418
287
621
1574
860
383
686
499
771
874
139
685
616
885
174
812
620
324
1269
651
834
95
442
1177
947
664
358
360
870
196
186
527
634
1656
86
233
505
417
1958
636
545
387
237
1394
214
171
471
772
1571
590
134
24
281
2170
923
639
837
357
443
304
417
121
991
1366
264
466
88
794
1587
31
361
844
161
1802
347
414
725
864
849
641
892
493
201
972
429
816
399
222
1333
8
982
945
26
1238
