100
400
514
736
321
786
660
849
850
78
945
218
898
451
975
109
656
60
556
855
351
451
421
843
459
451
505
679
55
710
989
567
429
532
357
552
72
627
34
903
673
535
207
5
871
535
679
549
36
555
695
252
537
548
590
431
474
935
263
11
705
397
440
345
636
789
140
37
206
393
834
549
465
971
139
86
249
55
73
923
937
415
844
944
188
360
591
412
372
784
269
487
489
234
290
232
627
583
676
316
576
697
796
864
612
5
274
483
886
774
514
886
60
777
793
19
592
410
90
616
362
938
478
512
720
44
32
614
201
568
826
299
671
621
914
477
979
21
792
523
112
804
747
180
267
556
966
131
716
880
795
578
199
19
950
95
715
964
503
907
530
709
176
222
889
795
642
396
699
903
260
155
612
837
285
30
165
32
570
989
584
266
791
995
694
448
968
978
354
650
834
95
26
801
175
904
6
556
26
420
96
787
363
491
822
579
51
799
350
716
130
48
218
269
729
896
913
281
220
524
697
399
92
417
167
286
214
190
732
126
556
71
201
722
790
976
226
956
260
547
972
672
322
134
477
681
294
320
243
179
106
738
384
33
246
168
800
641
26
409
205
811
391
937
225
611
108
304
606
696
260
416
792
635
658
426
661
559
217
495
645
790
348
327
923
469
188
47
251
554
677
381
821
366
802
571
951
501
122
585
417
721
598
656
780
217
821
475
419
973
622
945
930
360
755
150
130
181
340
544
585
164
526
609
175
226
669
434
780
600
834
734
59
329
247
136
731
437
844
939
894
814
989
309
439
723
484
757
462
990
765
269
250
140
194
436
638
487
533
919
919
83
530
435
893
422
372
282
202
273
34
782
91
385
487
32
464
898
588
898
526
367
900
437
751
192
791
377
16
13
789
246
654
459
234
195
756
259
526
888
577
962
